0.1077498
0.1077498
0.1077498
0.1077498
0.1077498
0.1168678
0.1168678
0.1168678
0.1168678
0.1168678
0.09521378
0.09521378
0.09521378
0.09521378
0.09521378
0.112356
0.112356
0.112356
0.112356
0.112356
0.1119004
0.1119004
0.1119004
0.1119004
0.1119004
0.1052448
0.1052448
0.1052448
0.1052448
0.1052448
0.1098748
0.1098748
0.1098748
0.1098748
0.1098748
0.1160104
0.1160104
0.1160104
0.1160104
0.1160104
0.0947448
0.0947448
0.0947448
0.0947448
0.0947448
0.1109429
0.1109429
0.1109429
0.1109429
0.1109429
0.4903815
0.4903815
0.4903815
0.4903815
0.4903815
0.4924798
0.4924798
0.4924798
0.4924798
0.4924798
0.4814761
0.4814761
0.4814761
0.4814761
0.4814761
0.5113448
0.5113448
0.5113448
0.5113448
0.5113448
0.5092714
0.5092714
0.5092714
0.5092714
0.5092714
0.5172994
0.5172994
0.5172994
0.5172994
0.5172994
0.5000522
0.5000522
0.5000522
0.5000522
0.5000522
0.4888671
0.4888671
0.4888671
0.4888671
0.4888671
0.5174329
0.5174329
0.5174329
0.5174329
0.5174329
0.5049133
0.5049133
0.5049133
0.5049133
0.5049133
4.898284
4.898284
4.898284
4.898284
4.898284
4.919244
4.919244
4.919244
4.919244
4.919244
4.809331
4.809331
4.809331
4.809331
4.809331
5.10768
5.10768
5.10768
5.10768
5.10768
5.08697
5.08697
5.08697
5.08697
5.08697
5.16716
5.16716
5.16716
5.16716
5.16716
4.994882
4.994882
4.994882
4.994882
4.994882
4.883157
4.883157
4.883157
4.883157
4.883157
5.168493
5.168493
5.168493
5.168493
5.168493
5.043438
5.043438
5.043438
5.043438
5.043438
